local RecordedPaths = {
    ["300M"] = {
        Vector3.new(-1452.05, -159.05, -1002.45),
        Vector3.new(-1450.34, -61.10, -720.88),
        Vector3.new(-1452.42, -55.68, -679.39),
        Vector3.new(-1492.99, -57.85, -609.27),
        Vector3.new(-1489.83, -54.79, -538.90),
        Vector3.new(-1452.15, -56.94, -531.59),
        Vector3.new(-1478.91, -69.54, -514.98),
    },
    ["500M"] = {
        Vector3.new(-1452.05, -159.05, -1002.45),
        Vector3.new(-1450.34, -61.10, -720.88),
        Vector3.new(-1452.42, -55.68, -679.39),
        Vector3.new(-1492.99, -57.85, -609.27),
        Vector3.new(-1489.83, -54.79, -538.90),
        Vector3.new(-1452.15, -56.94, -531.59),
        Vector3.new(-1454.03, -69.54, -499.31),
        Vector3.new(-1455.08, -70.04, -442.22),
        Vector3.new(-1455.52, -59.00, -396.27),
        Vector3.new(-1452.54, -57.04, -345.19),
        Vector3.new(-1453.90, -57.04, -267.45),
        Vector3.new(-1450.69, -57.04, -204.78),
        Vector3.new(-1450.82, -57.04, -185.58),
        Vector3.new(-1453.90, -57.04, -125.94),
        Vector3.new(-1454.60, -57.30, 4.79),
        Vector3.new(-1454.70, -57.30, 6.28),
        Vector3.new(-1453.71, -57.05, 83.51),
        Vector3.new(-1453.78, -21.56, 84.84),
        Vector3.new(-1453.78, 49.04, 84.84),
        Vector3.new(-1453.78, 85.50, 84.84),
        Vector3.new(-1453.79, 89.95, 91.08),
        Vector3.new(-1474.23, 89.95, 90.23),
        Vector3.new(-1475.34, 89.95, 94.34),
        Vector3.new(-1475.47, 175.26, 95.77),
        Vector3.new(-1475.47, 211.55, 95.77),
        Vector3.new(-1475.31, 215.14, 98.20),
        Vector3.new(-1476.39, 214.96, 145.60),
        Vector3.new(-1456.82, 214.96, 146.04),
        Vector3.new(-1456.53, 222.44, 175.79),
        Vector3.new(-1452.84, 223.05, 230.62),
        Vector3.new(-1453.64, 216.04, 257.12),
        Vector3.new(-1454.26, 214.71, 333.39),
        Vector3.new(-1480.81, 214.71, 333.03),
    },
    ["800M"] = {
        Vector3.new(-1452.05, -159.05, -1002.45),
        Vector3.new(-1450.34, -61.10, -720.88),
        Vector3.new(-1452.42, -55.68, -679.39),
        Vector3.new(-1492.99, -57.85, -609.27),
        Vector3.new(-1489.83, -54.79, -538.90),
        Vector3.new(-1452.15, -56.94, -531.59),
        Vector3.new(-1454.03, -69.54, -499.31),
        Vector3.new(-1455.08, -70.04, -442.22),
        Vector3.new(-1455.52, -59.00, -396.27),
        Vector3.new(-1452.54, -57.04, -345.19),
        Vector3.new(-1453.90, -57.04, -267.45),
        Vector3.new(-1450.69, -57.04, -204.78),
        Vector3.new(-1450.82, -57.04, -185.58),
        Vector3.new(-1453.90, -57.04, -125.94),
        Vector3.new(-1454.60, -57.30, 4.79),
        Vector3.new(-1454.70, -57.30, 6.28),
        Vector3.new(-1453.71, -57.05, 83.51),
        Vector3.new(-1453.78, -21.56, 84.84),
        Vector3.new(-1453.78, 49.04, 84.84),
        Vector3.new(-1453.78, 85.50, 84.84),
        Vector3.new(-1453.79, 89.95, 91.08),
        Vector3.new(-1474.23, 89.95, 90.23),
        Vector3.new(-1475.34, 89.95, 94.34),
        Vector3.new(-1475.47, 175.26, 95.77),
        Vector3.new(-1475.47, 211.55, 95.77),
        Vector3.new(-1475.31, 215.14, 98.20),
        Vector3.new(-1476.39, 214.96, 145.60),
        Vector3.new(-1456.82, 214.96, 146.04),
        Vector3.new(-1456.53, 222.44, 175.79),
        Vector3.new(-1452.84, 223.05, 230.62),
        Vector3.new(-1453.64, 216.04, 257.12),
        Vector3.new(-1454.26, 214.71, 333.39),
        Vector3.new(-1453.24, 214.71, 460.74),
        Vector3.new(-1452.98, 214.71, 525.83),
        Vector3.new(-1454.17, 214.71, 625.38),
        Vector3.new(-1453.96, 291.36, 627.34),
        Vector3.new(-1453.99, 378.08, 627.51),
        Vector3.new(-1452.92, 360.71, 610.83),
        Vector3.new(-1452.58, 360.71, 580.13),
        Vector3.new(-1456.21, 359.91, 516.54),
        Vector3.new(-1456.82, 359.91, 473.78),
        Vector3.new(-1370.80, 357.71, 491.16),
        Vector3.new(-1327.09, 361.58, 492.19),
        Vector3.new(-1266.28, 329.71, 501.04),
        Vector3.new(-1249.32, 331.80, 502.94),
        Vector3.new(-1246.87, 328.58, 518.72),
        Vector3.new(-1236.81, 324.04, 603.19),
        Vector3.new(-1231.07, 328.78, 631.98),
        Vector3.new(-1239.73, 328.55, 681.89),
        Vector3.new(-1222.58, 329.93, 715.22),
        Vector3.new(-1220.21, 346.28, 840.79),
        Vector3.new(-1246.49, 348.30, 838.64),
        Vector3.new(-1321.44, 357.66, 838.79),
        Vector3.new(-1370.68, 364.29, 842.32),
        Vector3.new(-1397.52, 357.65, 851.38),
        Vector3.new(-1403.29, 373.67, 727.30),
        Vector3.new(-1403.93, 373.72, 724.60),
        Vector3.new(-1403.93, 542.65, 724.60),
        Vector3.new(-1409.94, 532.72, 759.06),
        Vector3.new(-1430.82, 532.72, 760.42),
    },
    ["1.25b"] = {
        Vector3.new(-1452.05, -159.05, -1002.45),
        Vector3.new(-1450.34, -61.10, -720.88),
        Vector3.new(-1452.42, -55.68, -679.39),
        Vector3.new(-1492.99, -57.85, -609.27),
        Vector3.new(-1489.83, -54.79, -538.90),
        Vector3.new(-1452.15, -56.94, -531.59),
        Vector3.new(-1478.91, -69.54, -514.98),
        Vector3.new(-1458.45, -57.93, -349.83),
        Vector3.new(-1465.27, -58.80, -298.38),
        Vector3.new(-1465.22, -58.80, -298.32),
        Vector3.new(-1370.73, -58.62, -294.91),
        Vector3.new(-1282.92, -58.55, -290.29),
        Vector3.new(-1285.52, -55.48, -216.19),
        Vector3.new(-1273.06, -57.85, -111.36),
        Vector3.new(-1352.81, -57.23, -118.54),
        Vector3.new(-1451.15, -57.30, -106.57),
        Vector3.new(-1450.44, -58.68, 26.54),
        Vector3.new(-1453.96, -56.20, 84.47),
        Vector3.new(-1454.41, 35.39, 84.32),
        Vector3.new(-1452.12, 85.38, 84.59),
        Vector3.new(-1453.06, 88.33, 90.69),
        Vector3.new(-1476.08, 90.23, 95.27),
        Vector3.new(-1474.03, 218.46, 99.06),
        Vector3.new(-1457.49, 216.91, 146.28),
        Vector3.new(-1454.52, 221.58, 179.74),
        Vector3.new(-1446.87, 222.18, 228.79),
        Vector3.new(-1448.88, 213.14, 306.16),
        Vector3.new(-1446.68, 212.87, 461.62),
        Vector3.new(-1450.83, 213.19, 529.70),
        Vector3.new(-1451.14, 212.77, 627.35),
        Vector3.new(-1453.98, 347.03, 627.39),
        Vector3.new(-1450.29, 358.88, 583.40),
        Vector3.new(-1355.46, 358.45, 498.29),
        Vector3.new(-1238.60, 317.53, 583.21),
        Vector3.new(-1238.87, 327.66, 652.57),
        Vector3.new(-1221.37, 333.00, 752.06),
        Vector3.new(-1222.72, 344.18, 836.90),
        Vector3.new(-1251.28, 347.63, 840.73),
        Vector3.new(-1337.49, 358.85, 840.83),
        Vector3.new(-1368.74, 362.35, 843.06),
        Vector3.new(-1393.56, 357.78, 840.03),
        Vector3.new(-1403.87, 372.04, 727.18),
        Vector3.new(-1405.37, 468.49, 724.47),
        Vector3.new(-1397.88, 531.50, 757.31),
        Vector3.new(-1431.22, 532.72, 759.61),
        Vector3.new(-1427.80, 532.72, 760.57),
    }
}

return RecordedPaths
